MAE:0.2174411411218812
MSE:0.14643827464110734
RMSE:0.3826725423140617
MAPA:0.011037609827023143
ACCURACY:98.9
