MAE:2.8549795429458906
MSE:13.693764865408427
RMSE:3.700508730621835
MAPA:0.07187257855921678
ACCURACY:92.81
