MAE:2.66817785510575
MSE:12.767346352435512
RMSE:3.573142363863426
MAPA:0.07614248637145699
ACCURACY:92.39
