MAE:6.804647734809958
MSE:91.68974895281023
RMSE:9.575476434768676
MAPA:0.6019365805961879
ACCURACY:39.81
