MAE:2.5331692072779908
MSE:11.680278221211442
RMSE:3.417642202046821
MAPA:0.08044961218574549
ACCURACY:91.96
