MAE:0.22455797540765343
MSE:0.15880141355396224
RMSE:0.3984989505054715
MAPA:0.011146869212576875
ACCURACY:98.89
