MAE:0.07469944704044044
MSE:0.04294759751835748
RMSE:0.20723802141102746
MAPA:0.002649032454863531
ACCURACY:99.74
